The output mix's fit (windsor#577): every variant run through
`compare.mjs <303-filter folder> --set …`, one row each, on the bundle with
the mix (LADDER_FEEDBACK_MAX 16.5 throughout). scale is LADDER_INPUT_SCALE,
fb LADDER_FEEDBACK_HP_HZ, mix LADDER_MIX_GAIN and mHz LADDER_MIX_HP_HZ; a mix
of 0 is the mix off (the row at scale 1, fb 100, mix 0 is origin/main's shipped
values, bit for bit). Every column is Windsor minus ACB in dB, as the rig
prints it: the lift gap is the mean over waves, sections and notes; shape
and level are RMS over the harmonics; bass is the RMS and mean of the
fundamental's loss against its own 0 % resonance (notes 33 and 45, 50, 90
and 100 %); "level 90/100" is the summary's level (the power sum of the
harmonics both hold) and "level change" the same against each cell's 0 %.
"meets all" is windsor#577's acceptance: every lift gap within ±3, bass over
every section at most 2.5 RMS, the 0 % shape and level errors at most
0.5 over origin/main's (6.37 / 7.31 and 8.68 / 6.72), and the level change
at 90 and 100 % within ±3. Shipped: scale 0.25, fb 150, mix 2.6 at 400 Hz.
One map fit failed (scale 0.25, fb 200, mix 3 at 600 Hz: section 1 at
20 Hz); its row is kept as read.

scale |   fb |  mix |  mHz | Cut Off map, Hz   | lift gap 50/90/100 | shape 0 % saw/sq | level 0 % saw/sq | shape 100 % saw/sq | level 100 % saw/sq | bass 24.78+49.38 % RMS, mean | bass every section RMS, mean | level 90/100 | level change 90/100 | meets all
    1 |   50 |  1.5 |  160 | 233,338,655,1478  |   0.8 / -0.3 / -1.0 | 5.88 / 7.85 | 8.50 / 6.84 |  4.80 /  6.28 | 10.11 /  7.64 | 1.98,  0.67 | 3.37, -1.45 | -7.11 / -7.15 | -0.69 / -0.73 | 
    1 |   50 |  1.5 |  250 | 233,338,655,1478  |   0.4 / -0.8 / -1.5 | 5.89 / 7.85 | 8.51 / 6.84 |  4.25 /  6.74 | 10.47 /  8.03 | 1.68, -0.38 | 3.85, -2.52 | -8.06 / -8.11 | -1.64 / -1.69 | 
    1 |   50 |  1.5 |  400 | 233,338,655,1478  |  -0.3 / -1.6 / -2.3 | 5.89 / 7.84 | 8.51 / 6.85 |  4.27 /  7.31 | 11.09 /  8.62 | 1.81, -1.11 | 4.29, -3.25 | -9.11 / -9.20 | -2.69 / -2.78 | 
    1 |   50 |  2.2 |  160 | 233,338,655,1478  |   2.3 /  1.7 /  1.1 | 5.88 / 7.85 | 8.50 / 6.84 |  4.36 /  6.37 |  8.17 /  6.55 | 2.79,  1.80 | 3.24, -0.33 | -5.38 / -5.29 |  1.04 /  1.13 | 
    1 |   50 |  2.2 |  250 | 233,338,655,1478  |   1.8 /  1.2 /  0.6 | 5.89 / 7.85 | 8.51 / 6.84 |  3.63 /  6.99 |  8.57 /  6.92 | 1.91,  0.37 | 3.53, -1.76 | -6.52 / -6.42 | -0.10 /  0.00 | 
    1 |   50 |  2.2 |  400 | 233,338,655,1478  |   1.0 /  0.3 / -0.3 | 5.89 / 7.84 | 8.51 / 6.85 |  3.62 /  7.74 |  9.27 /  7.53 | 1.70, -0.69 | 4.03, -2.83 | -7.83 / -7.75 | -1.41 / -1.33 | 
    1 |   50 |    3 |  160 | 233,338,655,1478  |   3.8 /  3.6 /  3.0 | 5.88 / 7.85 | 8.50 / 6.84 |  4.04 /  6.46 |  6.36 /  5.89 | 3.83,  2.99 | 3.51,  0.86 | -3.71 / -3.53 |  2.71 /  2.89 | 
    1 |   50 |    3 |  250 | 233,338,655,1478  |   3.2 /  3.0 /  2.5 | 5.89 / 7.85 | 8.51 / 6.84 |  3.20 /  7.25 |  6.77 /  6.19 | 2.46,  1.22 | 3.35, -0.91 | -4.99 / -4.77 |  1.43 /  1.65 | 
    1 |   50 |    3 |  400 | 233,337,655,1478  |   2.3 /  2.0 /  1.5 | 5.89 / 7.84 | 8.51 / 6.85 |  3.25 /  8.19 |  7.54 /  6.73 | 1.74, -0.18 | 3.77, -2.32 | -6.50 / -6.28 | -0.08 /  0.14 | 
    1 |  100 |    0 |    — | 199,314,630,1465  |  -4.1 / -8.6 /-10.0 | 6.37 / 7.31 | 8.68 / 6.72 | 11.49 /  8.65 | 17.50 / 13.29 | 1.33,  0.86 | 2.94, -1.34 | -10.14 / -10.78 | -4.27 / -4.91 | 
    1 |  100 |  1.5 |  160 | 195,312,630,1465  |   0.3 / -1.7 / -2.5 | 6.42 / 7.28 | 8.68 / 6.71 |  8.15 /  6.54 | 10.56 /  7.44 | 3.68,  3.43 | 2.99,  1.18 | -5.48 / -5.62 |  0.32 /  0.18 | 
    1 |  100 |  1.5 |  250 | 192,312,630,1465  |  -0.2 / -2.2 / -3.0 | 6.46 / 7.26 | 8.65 / 6.69 |  7.57 /  6.62 | 10.87 /  7.74 | 2.70,  2.44 | 2.72,  0.15 | -6.40 / -6.56 | -0.68 / -0.84 | 
    1 |  100 |  1.5 |  400 | 190,312,629,1465  |  -0.8 / -3.0 / -3.9 | 6.50 / 7.25 | 8.59 / 6.68 |  7.54 /  7.10 | 11.43 /  8.26 | 2.07,  1.77 | 2.77, -0.55 | -7.33 / -7.54 | -1.68 / -1.89 | 
    1 |  100 |  2.2 |  160 | 195,312,630,1465  |   1.8 /  0.3 / -0.4 | 6.42 / 7.27 | 8.67 / 6.71 |  7.59 /  6.32 |  8.58 /  6.26 | 4.84,  4.57 | 3.69,  2.31 | -3.83 / -3.85 |  1.96 /  1.94 | 
    1 |  100 |  2.2 |  250 | 192,312,630,1465  |   1.2 / -0.2 / -1.0 | 6.47 / 7.26 | 8.64 / 6.69 |  6.76 /  6.44 |  8.91 /  6.53 | 3.49,  3.21 | 2.95,  0.92 | -4.96 / -4.99 |  0.74 /  0.71 | 
    1 |  100 |  2.2 |  400 | 188,312,629,1465  |   0.4 / -1.2 / -2.0 | 6.53 / 7.24 | 8.58 / 6.67 |  6.60 /  7.04 |  9.54 /  7.06 | 2.52,  2.23 | 2.76, -0.11 | -6.14 / -6.22 | -0.54 / -0.62 | 
    1 |  100 |    3 |  160 | 195,312,630,1465  |   3.2 /  2.2 /  1.5 | 6.42 / 7.27 | 8.67 / 6.70 |  7.27 /  6.26 |  6.96 /  5.76 | 6.06,  5.76 | 4.63,  3.50 | -2.22 / -2.14 |  3.57 /  3.64 | 
    1 |  100 |    3 |  250 | 191,312,630,1465  |   2.6 /  1.6 /  0.9 | 6.47 / 7.26 | 8.64 / 6.68 |  6.22 /  6.40 |  7.27 /  5.92 | 4.39,  4.07 | 3.42,  1.78 | -3.52 / -3.44 |  2.17 /  2.25 | 
    1 |  100 |    3 |  400 | 224,312,629,1465  |   1.8 /  0.8 /  0.1 | 6.15 / 7.46 | 9.08 / 7.05 |  4.71 /  6.99 |  8.06 /  6.67 | 2.21,  1.98 | 2.42,  0.03 | -6.13 / -6.11 |  0.36 /  0.38 | yes
    1 |  150 |  1.5 |  160 | 198,293,623,1435  |  -0.1 / -2.7 / -3.7 | 6.57 / 7.11 | 9.21 / 6.96 |  9.74 /  7.14 | 10.90 /  7.66 | 5.08,  4.98 | 3.82,  3.02 | -4.90 / -5.10 |  1.16 /  0.96 | 
    1 |  150 |  1.5 |  250 | 196,290,623,1435  |  -0.5 / -3.2 / -4.2 | 6.65 / 7.08 | 9.21 / 6.97 |  9.19 /  7.05 | 11.28 /  8.00 | 4.08,  4.00 | 3.07,  2.00 | -5.88 / -6.12 |  0.14 / -0.10 | 
    1 |  150 |  1.5 |  400 | 194,282,639,1435  |  -1.2 / -4.1 / -5.2 | 6.72 / 7.12 | 9.27 / 6.93 |  9.30 /  7.46 | 11.95 /  8.54 | 3.49,  3.40 | 2.74,  1.31 | -6.84 / -7.13 | -0.85 / -1.14 | 
    1 |  150 |  2.2 |  160 | 198,293,623,1435  |   1.4 / -0.7 / -1.6 | 6.58 / 7.11 | 9.21 / 6.96 |  9.17 /  6.77 |  9.05 /  6.41 | 6.24,  6.11 | 4.82,  4.15 | -3.30 / -3.38 |  2.75 /  2.67 | 
    1 |  150 |  2.2 |  250 | 195,289,623,1435  |   0.9 / -1.3 / -2.2 | 6.67 / 7.11 | 9.24 / 6.91 |  8.37 /  6.64 |  9.37 /  6.73 | 4.89,  4.78 | 3.66,  2.77 | -4.52 / -4.64 |  1.49 /  1.38 | 
    1 |  150 |  2.2 |  400 | 192,281,638,1435  |   0.1 / -2.3 / -3.2 | 6.75 / 7.11 | 9.28 / 6.93 |  8.31 /  7.13 | 10.11 /  7.44 | 3.94,  3.86 | 2.98,  1.75 | -5.75 / -5.93 |  0.21 /  0.03 | 
    1 |  150 |    3 |  160 | 198,293,623,1435  |   2.9 /  1.2 /  0.3 | 6.58 / 7.11 | 9.21 / 6.95 |  8.77 /  6.54 |  7.34 /  5.72 | 7.47,  7.31 | 5.93,  5.34 | -1.73 / -1.72 |  4.32 /  4.33 | 
    1 |  150 |    3 |  250 | 195,288,623,1435  |   2.3 /  0.5 / -0.3 | 6.68 / 7.10 | 9.24 / 6.91 |  7.76 /  6.38 |  7.75 /  5.90 | 5.79,  5.65 | 4.40,  3.63 | -3.14 / -3.16 |  2.86 /  2.85 | 
    1 |  150 |    3 |  400 | 191,280,638,1435  |   1.4 / -0.6 / -1.4 | 6.79 / 7.10 | 9.26 / 6.93 |  7.51 /  6.91 |  8.54 /  6.50 | 4.50,  4.40 | 3.34,  2.27 | -4.62 / -4.67 |  1.32 /  1.26 | 
  0.5 |   50 |  1.5 |  160 | 231,333,644,1463  |   1.9 /  1.1 /  0.4 | 5.58 / 8.34 | 7.79 / 7.04 |  3.11 /  6.15 |  8.69 /  6.56 | 1.81, -0.10 | 3.56, -2.11 | -7.17 / -7.11 | -0.62 / -0.56 | 
  0.5 |   50 |  1.5 |  250 | 230,332,633,1463  |   1.4 /  0.7 / -0.0 | 5.59 / 8.28 | 7.86 / 7.05 |  2.98 /  6.88 |  9.10 /  7.17 | 1.95, -1.14 | 4.17, -3.14 | -8.00 / -7.94 | -1.45 / -1.39 | 
  0.5 |   50 |  1.5 |  400 | 230,332,632,1463  |   0.8 / -0.1 / -0.8 | 5.59 / 8.27 | 7.87 / 7.05 |  3.47 /  7.59 |  9.75 /  7.81 | 2.31, -1.86 | 4.68, -3.87 | -9.01 / -8.99 | -2.46 / -2.44 | 
  0.5 |   50 |  2.2 |  160 | 231,333,644,1463  |   3.4 /  3.1 /  2.5 | 5.58 / 8.34 | 7.79 / 7.04 |  2.69 /  6.40 |  6.71 /  5.56 | 2.33,  1.02 | 3.20, -0.99 | -5.40 / -5.21 |  1.15 /  1.34 | 
  0.5 |   50 |  2.2 |  250 | 230,332,633,1463  |   2.8 /  2.6 /  2.0 | 5.59 / 8.28 | 7.86 / 7.05 |  2.62 /  7.34 |  7.19 /  6.15 | 1.87, -0.38 | 3.75, -2.39 | -6.39 / -6.18 |  0.15 /  0.36 | 
  0.5 |   50 |  2.2 |  400 | 230,332,632,1463  |   2.0 /  1.7 /  1.1 | 5.59 / 8.26 | 7.87 / 7.05 |  3.32 /  8.27 |  7.95 /  6.82 | 2.08, -1.44 | 4.39, -3.45 | -7.64 / -7.45 | -1.10 / -0.90 | 
  0.5 |   50 |    3 |  160 | 231,333,644,1463  |   4.8 /  5.0 /  4.4 | 5.58 / 8.34 | 7.79 / 7.04 |  2.50 /  6.60 |  4.99 /  5.08 | 3.23,  2.21 | 3.24,  0.20 | -3.70 / -3.42 |  2.85 /  3.13 | 
  0.5 |   50 |    3 |  250 | 230,332,633,1463  |   4.3 /  4.5 /  3.9 | 5.59 / 8.28 | 7.86 / 7.05 |  2.54 /  7.75 |  5.48 /  5.56 | 2.15,  0.47 | 3.42, -1.53 | -4.82 / -4.49 |  1.73 /  2.06 | 
  0.5 |   50 |    3 |  400 | 230,332,632,1463  |   3.3 /  3.5 /  2.9 | 5.59 / 8.26 | 7.87 / 7.05 |  3.45 /  8.90 |  6.31 /  6.15 | 1.92, -0.92 | 4.06, -2.94 | -6.25 / -5.92 |  0.30 /  0.63 | 
  0.5 |  100 |  1.5 |  160 | 217,311,619,1449  |   1.1 / -0.5 / -1.2 | 5.75 / 7.89 | 8.15 / 7.05 |  5.66 /  5.55 |  9.23 /  6.75 | 2.39,  2.17 | 2.33,  0.28 | -6.51 / -6.64 | -0.05 / -0.18 | 
  0.5 |  100 |  1.5 |  250 | 215,311,638,1449  |   0.7 / -1.0 / -1.7 | 5.74 / 7.95 | 7.98 / 6.96 |  5.22 /  6.24 |  9.47 /  7.08 | 1.40,  1.15 | 2.40, -0.79 | -7.43 / -7.56 | -1.06 / -1.20 | 
  0.5 |  100 |  1.5 |  400 | 210,310,638,1449  |   0.0 / -1.8 / -2.6 | 5.76 / 7.90 | 7.92 / 6.90 |  5.52 /  7.01 | 10.08 /  7.76 | 0.87,  0.52 | 2.73, -1.47 | -8.24 / -8.42 | -1.99 / -2.17 | 
  0.5 |  100 |  2.2 |  160 | 216,311,619,1449  |   2.6 /  1.6 /  0.9 | 5.75 / 7.89 | 8.15 / 7.05 |  5.06 /  5.55 |  7.23 /  5.71 | 3.56,  3.30 | 2.82,  1.41 | -4.83 / -4.84 |  1.62 /  1.62 | 
  0.5 |  100 |  2.2 |  250 | 214,310,638,1449  |   2.1 /  1.0 /  0.3 | 5.74 / 7.94 | 7.97 / 6.95 |  4.48 /  6.39 |  7.57 /  6.07 | 2.18,  1.92 | 2.35, -0.03 | -5.94 / -5.94 |  0.41 /  0.41 | 
  0.5 |  100 |  2.2 |  400 | 208,310,638,1449  |   1.3 /  0.1 / -0.6 | 5.77 / 7.89 | 7.90 / 6.88 |  4.76 /  7.31 |  8.23 /  6.74 | 1.24,  0.96 | 2.54, -1.04 | -7.01 / -7.04 | -0.79 / -0.82 | 
  0.5 |  100 |    3 |  160 | 216,311,619,1449  |   4.1 /  3.4 /  2.8 | 5.75 / 7.89 | 8.15 / 7.05 |  4.71 /  5.57 |  5.49 /  5.12 | 4.78,  4.49 | 3.68,  2.60 | -3.20 / -3.11 |  3.25 /  3.34 | 
  0.5 |  100 |    3 |  250 | 213,310,638,1449  |   3.5 /  2.8 /  2.2 | 5.74 / 7.94 | 7.96 / 6.95 |  3.93 /  6.56 |  5.78 /  5.44 | 3.08,  2.78 | 2.61,  0.83 | -4.47 / -4.35 |  1.87 /  1.99 | 
  0.5 |  100 |    3 |  400 | 207,310,638,1449  |   2.6 /  1.8 /  1.2 | 5.79 / 7.89 | 7.88 / 6.87 |  4.22 /  7.65 |  6.55 /  6.00 | 1.77,  1.50 | 2.42, -0.52 | -5.74 / -5.64 |  0.46 /  0.57 | 
  0.5 |  125 |  2.2 |  300 | 194,294,621,1441  |   1.5 / -0.0 / -0.9 | 6.00 / 7.58 | 8.16 / 6.87 |  6.01 /  6.41 |  8.15 /  6.09 | 2.92,  2.80 | 2.46,  0.75 | -5.58 / -5.63 |  0.46 /  0.41 | yes
  0.5 |  125 |  2.2 |  400 | 192,285,621,1441  |   0.9 / -0.7 / -1.6 | 6.08 / 7.49 | 8.34 / 6.94 |  6.36 /  6.96 |  8.86 /  6.65 | 2.45,  2.36 | 2.39,  0.23 | -6.29 / -6.36 | -0.23 / -0.30 | yes
  0.5 |  125 |  2.2 |  600 | 191,282,620,1441  |   0.0 / -1.8 / -2.7 | 6.12 / 7.46 | 8.41 / 6.97 |  6.95 /  7.70 |  9.82 /  7.42 | 1.96,  1.87 | 2.43, -0.29 | -7.25 / -7.39 | -1.18 / -1.32 | yes
  0.5 |  125 |  2.6 |  300 | 194,294,621,1441  |   2.2 /  0.9 /  0.1 | 6.01 / 7.57 | 8.15 / 6.87 |  5.67 /  6.43 |  7.29 /  5.67 | 3.31,  3.17 | 2.63,  1.11 | -4.88 / -4.87 |  1.15 /  1.16 | 
  0.5 |  125 |  2.6 |  400 | 191,285,621,1441  |   1.6 /  0.2 / -0.6 | 6.09 / 7.48 | 8.34 / 6.93 |  5.99 /  7.02 |  7.98 /  6.19 | 2.73,  2.63 | 2.45,  0.49 | -5.66 / -5.67 |  0.39 /  0.38 | yes
  0.5 |  125 |  2.6 |  600 | 209,281,620,1441  |   0.7 / -0.9 / -1.7 | 5.98 / 7.63 | 8.64 / 7.15 |  6.18 /  7.87 |  9.11 /  7.21 | 1.76,  1.65 | 2.27, -0.32 | -7.41 / -7.51 | -0.88 / -0.98 | yes
  0.5 |  125 |    3 |  300 | 193,294,621,1441  |   2.8 /  1.8 /  1.0 | 6.01 / 7.57 | 8.15 / 6.87 |  5.38 /  6.47 |  6.47 /  5.52 | 3.70,  3.54 | 2.84,  1.47 | -4.22 / -4.16 |  1.80 /  1.86 | 
  0.5 |  125 |    3 |  400 | 191,284,621,1441  |   2.2 /  1.0 /  0.2 | 6.10 / 7.48 | 8.34 / 6.93 |  5.68 /  7.08 |  7.19 /  5.87 | 3.03,  2.90 | 2.54,  0.76 | -5.07 / -5.02 |  0.97 /  1.02 | 
  0.5 |  125 |    3 |  600 | 208,280,620,1441  |   1.2 / -0.1 / -0.9 | 6.01 / 7.61 | 8.64 / 7.14 |  5.92 /  8.01 |  8.36 /  6.82 | 1.93,  1.83 | 2.26, -0.16 | -6.90 / -6.94 | -0.40 / -0.44 | yes
  0.5 |  150 |  1.5 |  160 | 208,309,613,1434  |   0.6 / -1.6 / -2.6 | 5.82 / 7.78 | 8.13 / 6.97 |  7.44 /  6.01 |  9.30 /  6.55 | 3.91,  3.83 | 2.93,  2.17 | -5.69 / -5.88 |  0.60 /  0.41 | 
  0.5 |  150 |  1.5 |  250 | 207,302,613,1434  |   0.1 / -2.1 / -3.1 | 5.88 / 7.70 | 8.24 / 7.00 |  7.06 /  6.30 |  9.80 /  7.03 | 2.93,  2.87 | 2.29,  1.15 | -6.67 / -6.90 | -0.35 / -0.58 | 
  0.5 |  150 |  1.5 |  400 | 204,300,612,1434  |  -0.5 / -2.9 / -3.9 | 5.91 / 7.65 | 8.26 / 6.98 |  7.23 /  6.99 | 10.45 /  7.66 | 2.29,  2.22 | 2.10,  0.46 | -7.57 / -7.85 | -1.30 / -1.58 | 
  0.5 |  150 |  2.2 |  160 | 208,309,613,1434  |   2.1 /  0.4 / -0.5 | 5.84 / 7.77 | 8.12 / 6.97 |  6.85 /  5.80 |  7.35 /  5.55 | 5.08,  4.97 | 3.90,  3.29 | -4.07 / -4.14 |  2.22 /  2.15 | 
  0.5 |  150 |  2.2 |  250 | 206,302,613,1434  |   1.6 / -0.1 / -1.0 | 5.88 / 7.69 | 8.23 / 6.99 |  6.21 /  6.13 |  7.82 /  5.83 | 3.72,  3.64 | 2.79,  1.92 | -5.27 / -5.36 |  1.03 /  0.93 | 
  0.5 |  150 |  2.2 |  300 | 204,301,612,1434  |   1.3 / -0.5 / -1.3 | 5.90 / 7.66 | 8.23 / 6.98 |  6.15 /  6.42 |  8.06 /  6.04 | 3.28,  3.21 | 2.50,  1.46 | -5.72 / -5.83 |  0.54 /  0.43 | yes
  0.5 |  150 |  2.2 |  400 | 201,299,612,1434  |   0.8 / -1.1 / -2.0 | 5.93 / 7.63 | 8.24 / 6.96 |  6.32 /  6.97 |  8.57 /  6.47 | 2.75,  2.69 | 2.23,  0.90 | -6.41 / -6.55 | -0.19 / -0.33 | yes
  0.5 |  150 |  2.2 |  600 | 201,293,611,1434  |  -0.1 / -2.2 / -3.1 | 5.97 / 7.57 | 8.36 / 7.00 |  6.99 /  7.72 |  9.58 /  7.28 | 2.30,  2.22 | 2.15,  0.40 | -7.37 / -7.57 | -1.12 / -1.33 | 
  0.5 |  150 |  2.6 |  300 | 203,300,612,1434  |   2.0 /  0.5 / -0.4 | 5.91 / 7.66 | 8.23 / 6.97 |  5.78 /  6.40 |  7.22 /  5.74 | 3.67,  3.58 | 2.75,  1.83 | -5.03 / -5.08 |  1.22 /  1.17 | 
  0.5 |  150 |  2.6 |  400 | 201,298,612,1434  |   1.5 / -0.2 / -1.0 | 5.94 / 7.62 | 8.24 / 6.95 |  5.92 /  6.97 |  7.71 /  6.14 | 3.02,  2.96 | 2.36,  1.17 | -5.80 / -5.88 |  0.40 /  0.32 | yes
  0.5 |  150 |  2.6 |  600 | 199,292,611,1434  |   0.5 / -1.4 / -2.3 | 5.99 / 7.55 | 8.35 / 6.99 |  6.62 /  7.80 |  8.73 /  6.80 | 2.46,  2.39 | 2.18,  0.56 | -6.85 / -7.00 | -0.64 / -0.78 | yes
  0.5 |  150 |    3 |  160 | 209,309,613,1434  |   3.5 /  2.3 /  1.4 | 5.81 / 7.79 | 8.15 / 6.99 |  6.37 /  5.68 |  5.62 /  5.05 | 6.27,  6.12 | 4.99,  4.47 | -2.55 / -2.53 |  3.78 /  3.80 | 
  0.5 |  150 |    3 |  250 | 205,302,613,1434  |   3.0 /  1.7 /  0.9 | 5.89 / 7.68 | 8.23 / 6.98 |  5.59 /  6.08 |  6.14 /  5.29 | 4.63,  4.51 | 3.50,  2.78 | -3.86 / -3.85 |  2.42 /  2.43 | 
  0.5 |  150 |    3 |  300 | 203,300,612,1434  |   2.7 /  1.3 /  0.5 | 5.91 / 7.65 | 8.22 / 6.97 |  5.46 /  6.40 |  6.39 /  5.46 | 4.05,  3.95 | 3.03,  2.19 | -4.39 / -4.39 |  1.85 /  1.85 | 
  0.5 |  150 |    3 |  400 | 200,295,612,1434  |   2.1 /  0.6 / -0.2 | 5.97 / 7.58 | 8.31 / 6.97 |  5.65 /  6.99 |  7.02 /  5.85 | 3.34,  3.27 | 2.54,  1.45 | -5.22 / -5.24 |  0.99 /  0.97 | 
  0.5 |  150 |    3 |  600 | 198,292,611,1434  |   1.1 / -0.6 / -1.5 | 6.00 / 7.54 | 8.35 / 6.98 |  6.28 /  7.85 |  8.04 /  6.53 | 2.63,  2.57 | 2.23,  0.72 | -6.36 / -6.45 | -0.17 / -0.26 | yes
  0.5 |  200 |  2.2 |  300 | 188,270,593,1421  |   0.8 / -1.6 / -2.6 | 6.32 / 7.29 | 8.84 / 7.10 |  8.51 /  6.89 |  8.95 /  6.42 | 5.00,  4.94 | 3.78,  3.19 | -4.72 / -4.87 |  1.45 /  1.31 | 
  0.5 |  200 |  2.2 |  400 | 185,268,593,1421  |   0.3 / -2.2 / -3.3 | 6.38 / 7.25 | 8.88 / 7.10 |  8.59 /  7.34 |  9.45 /  6.85 | 4.48,  4.43 | 3.34,  2.64 | -5.41 / -5.59 |  0.71 /  0.53 | 
  0.5 |  200 |  2.2 |  600 | 184,265,591,1420  |  -0.6 / -3.4 / -4.4 | 6.44 / 7.22 | 8.94 / 7.13 |  9.11 /  8.11 | 10.38 /  7.63 | 4.00,  3.94 | 2.99,  2.13 | -6.34 / -6.58 | -0.22 / -0.46 | 
  0.5 |  200 |  2.6 |  300 | 188,270,593,1421  |   1.5 / -0.6 / -1.6 | 6.33 / 7.28 | 8.84 / 7.09 |  8.14 /  6.72 |  8.12 /  5.94 | 5.38,  5.31 | 4.10,  3.56 | -4.07 / -4.15 |  2.09 /  2.01 | 
  0.5 |  200 |  2.6 |  400 | 184,267,593,1421  |   1.0 / -1.3 / -2.3 | 6.41 / 7.24 | 8.86 / 7.09 |  8.18 /  7.20 |  8.64 /  6.35 | 4.76,  4.71 | 3.56,  2.91 | -4.83 / -4.95 |  1.26 /  1.14 | 
  0.5 |  200 |  2.6 |  600 | 183,264,591,1420  |   0.0 / -2.5 / -3.5 | 6.47 / 7.20 | 8.94 / 7.13 |  8.68 /  8.03 |  9.55 /  7.12 | 4.18,  4.12 | 3.11,  2.29 | -5.86 / -6.05 |  0.22 /  0.04 | 
  0.5 |  200 |    3 |  300 | 187,270,593,1421  |   2.2 /  0.2 / -0.7 | 6.34 / 7.28 | 8.84 / 7.09 |  7.81 /  6.60 |  7.33 /  5.61 | 5.77,  5.68 | 4.44,  3.92 | -3.44 / -3.48 |  2.70 /  2.66 | 
  0.5 |  200 |    3 |  400 | 184,267,593,1421  |   1.6 / -0.5 / -1.4 | 6.42 / 7.23 | 8.85 / 7.09 |  7.81 /  7.09 |  7.85 /  5.98 | 5.05,  4.98 | 3.79,  3.18 | -4.28 / -4.35 |  1.80 /  1.73 | 
  0.5 |  200 |    3 |  600 | 181,263,591,1420  |   0.6 / -1.8 / -2.7 | 6.49 / 7.19 | 8.94 / 7.12 |  8.32 /  7.97 |  8.87 /  6.71 | 4.36,  4.30 | 3.24,  2.45 | -5.40 / -5.53 |  0.65 /  0.52 | 
 0.25 |   50 |  1.5 |  160 | 229,330,646,1444  |   2.3 /  1.6 /  1.3 | 5.53 / 8.50 | 7.56 / 7.10 |  2.92 /  6.88 |  8.24 /  6.30 | 1.83, -0.27 | 3.63, -2.27 | -7.06 / -6.84 | -0.51 / -0.29 | 
 0.25 |   50 |  1.5 |  250 | 228,330,646,1444  |   1.9 /  1.2 /  0.8 | 5.54 / 8.48 | 7.54 / 7.08 |  3.02 /  7.71 |  8.64 /  6.75 | 2.05, -1.29 | 4.28, -3.31 | -7.88 / -7.64 | -1.35 / -1.12 | 
 0.25 |   50 |  1.5 |  400 | 227,330,646,1444  |   1.3 /  0.4 /  0.0 | 5.54 / 8.47 | 7.54 / 7.07 |  3.64 /  8.49 |  9.29 /  7.39 | 2.45, -2.01 | 4.81, -4.04 | -8.86 / -8.66 | -2.35 / -2.15 | 
 0.25 |   50 |  2.2 |  160 | 229,330,646,1444  |   3.8 /  3.7 /  3.4 | 5.53 / 8.50 | 7.56 / 7.10 |  2.60 /  7.12 |  6.29 /  5.54 | 2.27,  0.86 | 3.22, -1.14 | -5.27 / -4.92 |  1.28 /  1.63 | 
 0.25 |   50 |  2.2 |  250 | 227,330,646,1444  |   3.3 /  3.1 /  2.9 | 5.54 / 8.48 | 7.54 / 7.07 |  2.86 /  8.16 |  6.74 /  5.97 | 1.92, -0.54 | 3.84, -2.56 | -6.25 / -5.86 |  0.27 /  0.66 | 
 0.25 |   50 |  2.2 |  400 | 227,329,646,1444  |   2.5 /  2.2 /  2.0 | 5.54 / 8.47 | 7.54 / 7.07 |  3.72 /  9.18 |  7.51 /  6.61 | 2.20, -1.59 | 4.50, -3.62 | -7.47 / -7.09 | -0.96 / -0.58 | 
 0.25 |   50 |    3 |  160 | 229,330,646,1444  |   5.3 /  5.5 /  5.3 | 5.54 / 8.50 | 7.56 / 7.10 |  2.48 /  7.35 |  4.62 /  5.29 | 3.13,  2.05 | 3.20,  0.05 | -3.57 / -3.12 |  2.98 /  3.43 | 
 0.25 |   50 |    3 |  250 | 227,330,646,1444  |   4.7 /  5.0 /  4.8 | 5.54 / 8.48 | 7.54 / 7.07 |  2.91 /  8.59 |  5.09 /  5.62 | 2.13,  0.32 | 3.48, -1.70 | -4.65 / -4.15 |  1.87 /  2.37 | 
 0.25 |   50 |    3 |  400 | 227,329,646,1444  |   3.8 /  4.0 /  3.8 | 5.54 / 8.47 | 7.54 / 7.06 |  3.97 /  9.83 |  5.93 /  6.15 | 2.01, -1.07 | 4.17, -3.10 | -6.05 / -5.53 |  0.46 /  0.98 | 
 0.25 |  100 |    0 |    — | 217,310,624,1424  |  -3.0 / -7.0 / -8.2 | 5.66 / 8.09 | 7.90 / 7.08 |  8.69 /  6.71 | 15.84 / 12.03 | 0.92, -0.53 | 3.25, -2.39 | -11.31 / -11.96 | -4.81 / -5.46 | 
 0.25 |  100 |  1.5 |  160 | 214,310,624,1424  |   1.4 /  0.0 / -0.7 | 5.68 / 8.07 | 7.85 / 7.07 |  5.23 /  5.97 |  8.69 /  6.28 | 2.24,  2.00 | 2.28,  0.12 | -6.46 / -6.55 | -0.03 / -0.12 | 
 0.25 |  100 |  1.5 |  250 | 208,310,623,1424  |   1.0 / -0.4 / -1.1 | 5.69 / 8.02 | 7.80 / 7.00 |  4.98 /  6.54 |  9.02 /  6.66 | 1.34,  1.05 | 2.43, -0.89 | -7.20 / -7.30 | -0.90 / -0.99 | 
 0.25 |  100 |  1.5 |  400 | 207,310,623,1424  |   0.4 / -1.3 / -2.0 | 5.70 / 8.00 | 7.79 / 6.97 |  5.27 /  7.34 |  9.65 /  7.29 | 0.79,  0.36 | 2.77, -1.60 | -8.11 / -8.25 | -1.85 / -1.98 | 
 0.25 |  100 |  2.2 |  160 | 214,310,624,1424  |   3.0 /  2.1 /  1.4 | 5.68 / 8.07 | 7.85 / 7.07 |  4.69 /  6.01 |  6.76 /  5.41 | 3.41,  3.13 | 2.72,  1.25 | -4.77 / -4.73 |  1.65 /  1.69 | 
 0.25 |  100 |  2.2 |  250 | 208,310,623,1424  |   2.5 /  1.5 /  0.9 | 5.69 / 8.02 | 7.80 / 6.99 |  4.28 /  6.74 |  7.14 /  5.75 | 2.11,  1.82 | 2.35, -0.13 | -5.71 / -5.66 |  0.59 /  0.64 | 
 0.25 |  100 |  2.2 |  400 | 205,310,623,1424  |   1.7 /  0.6 / -0.0 | 5.71 / 7.99 | 7.77 / 6.96 |  4.61 /  7.72 |  7.82 /  6.37 | 1.13,  0.81 | 2.56, -1.17 | -6.85 / -6.83 | -0.62 / -0.59 | 
 0.25 |  100 |    3 |  160 | 213,310,624,1424  |   4.4 /  3.9 /  3.4 | 5.68 / 8.07 | 7.85 / 7.07 |  4.31 /  6.04 |  4.98 /  5.07 | 4.62,  4.33 | 3.54,  2.44 | -3.13 / -3.00 |  3.29 /  3.42 | 
 0.25 |  100 |    3 |  250 | 207,310,623,1424  |   3.9 /  3.4 /  2.8 | 5.69 / 8.01 | 7.79 / 6.98 |  3.77 /  6.91 |  5.36 /  5.32 | 3.01,  2.68 | 2.58,  0.73 | -4.22 / -4.05 |  2.07 /  2.23 | 
 0.25 |  100 |    3 |  400 | 204,308,623,1424  |   3.0 /  2.3 /  1.8 | 5.72 / 7.96 | 7.78 / 6.95 |  4.17 /  8.04 |  6.18 /  5.83 | 1.67,  1.36 | 2.43, -0.63 | -5.55 / -5.40 |  0.67 /  0.82 | 
 0.25 |  125 |  2.2 |  300 | 190,283,617,1433  |   1.7 /  0.4 / -0.4 | 5.97 / 7.62 | 8.11 / 6.97 |  6.06 /  6.67 |  7.99 /  6.00 | 2.92,  2.79 | 2.48,  0.68 | -5.46 / -5.47 |  0.63 /  0.62 | yes
 0.25 |  125 |  2.2 |  400 | 207,280,617,1433  |   1.3 / -0.2 / -1.0 | 5.86 / 7.72 | 8.42 / 7.23 |  5.81 /  7.42 |  8.66 /  6.63 | 1.98,  1.88 | 2.21, -0.07 | -6.85 / -6.92 | -0.33 / -0.40 | 
 0.25 |  125 |  2.2 |  600 | 203,276,616,1433  |   0.4 / -1.3 / -2.1 | 5.91 / 7.66 | 8.46 / 7.22 |  6.53 /  8.10 |  9.53 /  7.37 | 1.56,  1.46 | 2.34, -0.56 | -7.70 / -7.83 | -1.23 / -1.36 | yes
 0.25 |  125 |  2.6 |  300 | 190,283,617,1433  |   2.4 /  1.3 /  0.6 | 5.98 / 7.61 | 8.11 / 6.96 |  5.73 /  6.71 |  7.09 /  5.61 | 3.31,  3.16 | 2.64,  1.04 | -4.75 / -4.69 |  1.32 /  1.38 | 
 0.25 |  125 |  2.6 |  400 | 206,279,617,1433  |   1.9 /  0.7 / -0.1 | 5.87 / 7.71 | 8.42 / 7.22 |  5.48 /  7.48 |  7.78 /  6.23 | 2.26,  2.16 | 2.23,  0.19 | -6.21 / -6.21 |  0.30 /  0.30 | yes
 0.25 |  125 |  2.6 |  600 | 202,275,616,1433  |   1.0 / -0.5 / -1.3 | 5.94 / 7.64 | 8.46 / 7.22 |  6.23 /  8.27 |  8.79 /  6.94 | 1.73,  1.63 | 2.31, -0.40 | -7.17 / -7.23 | -0.72 / -0.78 | yes
 0.25 |  125 |    3 |  300 | 190,282,617,1433  |   3.1 /  2.2 /  1.4 | 5.98 / 7.61 | 8.11 / 6.96 |  5.50 /  6.76 |  6.37 /  5.53 | 3.70,  3.53 | 2.84,  1.40 | -4.09 / -3.98 |  1.98 /  2.09 | 
 0.25 |  125 |    3 |  400 | 205,279,617,1433  |   2.6 /  1.6 /  0.8 | 5.87 / 7.70 | 8.42 / 7.22 |  5.21 /  7.58 |  6.99 /  5.92 | 2.56,  2.44 | 2.30,  0.46 | -5.60 / -5.54 |  0.90 /  0.96 | yes
 0.25 |  125 |    3 |  600 | 201,275,616,1433  |   1.5 /  0.3 / -0.5 | 5.95 / 7.68 | 8.47 / 7.15 |  5.99 /  8.37 |  8.06 /  6.62 | 1.90,  1.81 | 2.30, -0.23 | -6.66 / -6.66 | -0.23 / -0.22 | yes
 0.25 |  140 |  2.4 |  350 | 202,301,612,1437  |   1.8 /  0.3 / -0.5 | 5.79 / 7.84 | 7.91 / 6.98 |  5.44 /  7.13 |  7.44 /  5.98 | 2.63,  2.56 | 2.18,  0.78 | -5.90 / -5.95 |  0.35 /  0.30 | 
 0.25 |  140 |  2.4 |  500 | 200,298,611,1437  |   1.0 / -0.6 / -1.4 | 5.81 / 7.80 | 7.94 / 6.97 |  5.94 /  7.85 |  8.16 /  6.56 | 2.05,  1.98 | 2.08,  0.16 | -6.78 / -6.88 | -0.56 / -0.66 | yes
 0.25 |  140 |  2.8 |  350 | 202,301,611,1437  |   2.5 /  1.2 /  0.4 | 5.79 / 7.84 | 7.91 / 6.97 |  5.11 /  7.15 |  6.58 /  5.71 | 2.97,  2.88 | 2.33,  1.09 | -5.26 / -5.25 |  0.98 /  0.99 | 
 0.25 |  140 |  2.8 |  500 | 199,298,611,1437  |   1.6 /  0.2 / -0.6 | 5.82 / 7.79 | 7.93 / 6.96 |  5.62 /  7.97 |  7.37 /  6.20 | 2.27,  2.20 | 2.11,  0.37 | -6.22 / -6.25 | -0.02 / -0.06 | yes
 0.25 |  150 |  1.5 |  160 | 207,301,609,1429  |   0.8 / -1.3 / -2.2 | 5.75 / 7.87 | 8.02 / 7.06 |  7.21 /  6.17 |  9.04 /  6.38 | 3.79,  3.72 | 2.83,  2.04 | -5.75 / -5.93 |  0.62 /  0.44 | 
 0.25 |  150 |  1.5 |  250 | 203,299,608,1429  |   0.4 / -1.8 / -2.7 | 5.78 / 7.82 | 8.01 / 7.02 |  6.82 /  6.53 |  9.41 /  6.76 | 2.80,  2.75 | 2.22,  1.03 | -6.63 / -6.83 | -0.33 / -0.54 | 
 0.25 |  150 |  1.5 |  400 | 200,293,608,1429  |  -0.3 / -2.6 / -3.5 | 5.85 / 7.73 | 8.09 / 7.02 |  7.13 /  7.25 | 10.10 /  7.45 | 2.21,  2.14 | 2.08,  0.36 | -7.50 / -7.76 | -1.24 / -1.49 | 
 0.25 |  150 |  2.2 |  160 | 206,301,609,1429  |   2.3 /  0.8 / -0.1 | 5.76 / 7.86 | 8.02 / 7.05 |  6.60 /  5.97 |  7.08 /  5.31 | 4.97,  4.85 | 3.79,  3.17 | -4.12 / -4.18 |  2.24 /  2.18 | 
 0.25 |  150 |  2.2 |  250 | 202,295,608,1429  |   1.8 /  0.2 / -0.6 | 5.83 / 7.77 | 8.06 / 7.03 |  6.09 /  6.41 |  7.54 /  5.69 | 3.65,  3.56 | 2.73,  1.81 | -5.21 / -5.29 |  1.09 /  1.01 | 
 0.25 |  150 |  2.2 |  300 | 200,294,608,1429  |   1.6 / -0.1 / -1.0 | 5.85 / 7.74 | 8.06 / 7.02 |  6.06 /  6.72 |  7.78 /  5.90 | 3.21,  3.14 | 2.45,  1.36 | -5.65 / -5.74 |  0.61 /  0.52 | yes
 0.25 |  150 |  2.2 |  400 | 197,292,608,1429  |   1.0 / -0.8 / -1.6 | 5.88 / 7.70 | 8.07 / 7.00 |  6.26 /  7.28 |  8.29 /  6.33 | 2.67,  2.62 | 2.21,  0.80 | -6.32 / -6.44 | -0.11 / -0.23 | yes
 0.25 |  150 |  2.2 |  600 | 194,290,606,1435  |   0.2 / -1.9 / -2.8 | 5.91 / 7.66 | 8.08 / 6.98 |  6.96 /  8.05 |  9.21 /  7.06 | 2.23,  2.16 | 2.15,  0.30 | -7.18 / -7.36 | -1.03 / -1.20 | yes
 0.25 |  150 |  2.4 |  350 | 198,293,608,1429  |   1.6 /  0.0 / -0.8 | 5.87 / 7.72 | 8.06 / 7.00 |  5.93 /  7.03 |  7.57 /  5.90 | 3.06,  3.00 | 2.37,  1.19 | -5.68 / -5.75 |  0.55 /  0.48 | yes
 0.25 |  150 |  2.4 |  400 | 197,292,608,1429  |   1.4 / -0.3 / -1.1 | 5.88 / 7.70 | 8.07 / 6.99 |  6.07 /  7.31 |  7.83 /  6.10 | 2.81,  2.75 | 2.26,  0.93 | -6.00 / -6.09 |  0.20 /  0.11 | yes
 0.25 |  150 |  2.4 |  450 | 194,291,607,1429  |   1.1 / -0.6 / -1.4 | 5.91 / 7.67 | 8.05 / 6.97 |  6.28 /  7.54 |  8.07 /  6.29 | 2.67,  2.61 | 2.23,  0.76 | -6.21 / -6.31 | -0.08 / -0.17 | yes
 0.25 |  150 |  2.6 |  300 | 199,294,608,1429  |   2.3 /  0.8 /  0.0 | 5.85 / 7.74 | 8.06 / 7.01 |  5.70 /  6.71 |  6.96 /  5.66 | 3.59,  3.51 | 2.69,  1.72 | -4.95 / -4.98 |  1.29 /  1.26 | 
 0.25 |  150 |  2.6 |  350 | 198,293,608,1429  |   2.0 /  0.5 / -0.3 | 5.87 / 7.71 | 8.06 / 7.00 |  5.76 /  7.03 |  7.22 /  5.85 | 3.22,  3.15 | 2.46,  1.35 | -5.35 / -5.39 |  0.86 /  0.82 | yes
 0.25 |  150 |  2.6 |  400 | 196,291,608,1429  |   1.7 /  0.2 / -0.7 | 5.88 / 7.69 | 8.07 / 6.99 |  5.90 /  7.33 |  7.45 /  5.92 | 2.95,  2.89 | 2.33,  1.07 | -5.70 / -5.75 |  0.49 /  0.44 | yes
 0.25 |  150 |  2.6 |  450 | 193,291,607,1429  |   1.4 / -0.2 / -1.0 | 5.91 / 7.66 | 8.05 / 6.96 |  6.11 /  7.57 |  7.70 /  6.10 | 2.79,  2.73 | 2.27,  0.87 | -5.92 / -5.98 |  0.20 /  0.14 | yes
 0.25 |  150 |  2.6 |  600 | 193,286,606,1435  |   0.7 / -1.1 / -1.9 | 5.94 / 7.62 | 8.14 / 6.99 |  6.67 /  8.14 |  8.45 /  6.66 | 2.43,  2.37 | 2.20,  0.48 | -6.67 / -6.78 | -0.52 / -0.63 | yes
 0.25 |  150 |  2.8 |  350 | 197,292,608,1429  |   2.3 /  0.9 /  0.1 | 5.87 / 7.71 | 8.06 / 6.99 |  5.60 /  7.04 |  6.81 /  5.70 | 3.39,  3.31 | 2.56,  1.50 | -5.04 / -5.05 |  1.17 /  1.16 | 
 0.25 |  150 |  2.8 |  400 | 196,291,608,1429  |   2.0 /  0.6 / -0.2 | 5.89 / 7.69 | 8.06 / 6.99 |  5.72 /  7.33 |  7.07 /  5.89 | 3.10,  3.03 | 2.40,  1.20 | -5.40 / -5.42 |  0.78 /  0.76 | yes
 0.25 |  150 |  2.8 |  450 | 193,290,607,1429  |   1.8 /  0.3 / -0.6 | 5.92 / 7.66 | 8.05 / 6.96 |  5.94 /  7.57 |  7.29 /  6.06 | 2.92,  2.85 | 2.32,  0.99 | -5.64 / -5.67 |  0.48 /  0.44 | yes
 0.25 |  150 |    3 |  160 | 206,301,609,1429  |   3.8 /  2.6 /  1.8 | 5.76 / 7.86 | 8.01 / 7.05 |  6.21 /  5.86 |  5.40 /  5.07 | 6.20,  6.05 | 4.90,  4.36 | -2.53 / -2.50 |  3.83 /  3.86 | 
 0.25 |  150 |    3 |  250 | 201,295,608,1429  |   3.3 /  2.0 /  1.2 | 5.83 / 7.76 | 8.06 / 7.03 |  5.49 /  6.34 |  5.89 /  5.30 | 4.56,  4.43 | 3.43,  2.67 | -3.79 / -3.76 |  2.49 /  2.52 | 
 0.25 |  150 |    3 |  300 | 199,294,608,1429  |   3.0 /  1.7 /  0.9 | 5.85 / 7.73 | 8.05 / 7.01 |  5.40 /  6.69 |  6.14 /  5.46 | 3.98,  3.88 | 2.97,  2.09 | -4.30 / -4.28 |  1.93 /  1.96 | 
 0.25 |  150 |    3 |  400 | 196,291,608,1429  |   2.3 /  1.0 /  0.2 | 5.89 / 7.69 | 8.06 / 6.98 |  5.57 /  7.36 |  6.69 /  5.76 | 3.24,  3.17 | 2.48,  1.34 | -5.11 / -5.10 |  1.07 /  1.07 | yes
 0.25 |  150 |    3 |  600 | 192,285,606,1435  |   1.3 / -0.3 / -1.1 | 5.95 / 7.61 | 8.14 / 6.98 |  6.37 /  8.20 |  7.79 /  6.44 | 2.60,  2.54 | 2.24,  0.64 | -6.17 / -6.22 | -0.05 / -0.10 | yes
 0.25 |  160 |  2.4 |  350 | 194,285,604,1410  |   1.5 / -0.2 / -1.1 | 5.97 / 7.60 | 8.24 / 7.05 |  6.43 /  6.98 |  7.79 /  5.97 | 3.46,  3.41 | 2.60,  1.59 | -5.45 / -5.53 |  0.75 /  0.67 | 
 0.25 |  160 |  2.4 |  500 | 190,282,603,1410  |   0.7 / -1.1 / -2.0 | 6.02 / 7.54 | 8.25 / 7.02 |  6.90 /  7.71 |  8.54 /  6.56 | 2.93,  2.87 | 2.34,  1.00 | -6.25 / -6.37 | -0.14 / -0.26 | yes
 0.25 |  160 |  2.8 |  350 | 193,285,604,1410  |   2.2 /  0.7 / -0.1 | 5.97 / 7.59 | 8.24 / 7.04 |  6.08 /  6.98 |  6.93 /  5.63 | 3.80,  3.72 | 2.82,  1.90 | -4.82 / -4.84 |  1.36 /  1.34 | 
 0.25 |  160 |  2.8 |  500 | 189,282,603,1410  |   1.4 / -0.3 / -1.1 | 6.04 / 7.53 | 8.25 / 7.01 |  6.55 /  7.76 |  7.72 /  6.18 | 3.14,  3.09 | 2.44,  1.20 | -5.71 / -5.77 |  0.38 /  0.32 | yes
 0.25 |  200 |  2.2 |  300 | 184,267,589,1399  |   1.0 / -1.2 / -2.2 | 6.24 / 7.37 | 8.64 / 7.12 |  8.30 /  6.99 |  8.62 /  6.27 | 4.90,  4.84 | 3.68,  3.08 | -4.67 / -4.79 |  1.48 /  1.35 | 
 0.25 |  200 |  2.2 |  400 | 181,264,589,1399  |   0.5 / -1.9 / -2.9 | 6.31 / 7.34 | 8.68 / 7.12 |  8.43 /  7.47 |  9.13 /  6.71 | 4.38,  4.33 | 3.25,  2.53 | -5.34 / -5.50 |  0.74 /  0.59 | 
 0.25 |  200 |  2.2 |  600 | 180,261,587,1399  |  -0.4 / -3.0 / -4.0 | 6.36 / 7.30 | 8.74 / 7.15 |  8.98 /  8.27 | 10.07 /  7.49 | 3.90,  3.85 | 2.91,  2.02 | -6.26 / -6.48 | -0.17 / -0.39 | 
 0.25 |  200 |  2.6 |  300 | 184,267,589,1399  |   1.7 / -0.3 / -1.2 | 6.25 / 7.37 | 8.64 / 7.11 |  7.94 /  6.84 |  7.80 /  5.83 | 5.28,  5.21 | 4.00,  3.44 | -4.00 / -4.07 |  2.12 /  2.06 | 
 0.25 |  200 |  2.6 |  400 | 180,264,589,1399  |   1.1 / -1.0 / -1.9 | 6.34 / 7.33 | 8.65 / 7.11 |  8.03 /  7.36 |  8.33 /  6.25 | 4.67,  4.61 | 3.47,  2.80 | -4.75 / -4.85 |  1.31 /  1.21 | 
 0.25 |  200 |  2.6 |  600 | 178,260,587,1399  |   0.2 / -2.2 / -3.2 | 6.40 / 7.29 | 8.74 / 7.14 |  8.57 /  8.22 |  9.26 /  7.01 | 4.08,  4.04 | 3.03,  2.18 | -5.76 / -5.93 |  0.28 /  0.12 | 
 0.25 |  200 |    3 |  300 | 183,267,589,1399  |   2.4 /  0.6 / -0.4 | 6.26 / 7.36 | 8.64 / 7.11 |  7.63 /  6.74 |  7.02 /  5.54 | 5.67,  5.58 | 4.34,  3.81 | -3.38 / -3.40 |  2.74 /  2.72 | 
 0.25 |  200 |    3 |  400 | 179,263,588,1399  |   1.8 / -0.2 / -1.1 | 6.35 / 7.32 | 8.65 / 7.11 |  7.68 /  7.27 |  7.56 /  5.92 | 4.96,  4.89 | 3.70,  3.07 | -4.19 / -4.24 |  1.85 /  1.80 | 
 0.25 |  200 |    3 |  600 | 20,260,587,1399   |   0.3 / -2.3 / -3.3 | 11.17 / 11.85 | 25.96 / 29.81 | 17.02 / 16.95 | 28.10 / 31.53 | 7.81,  7.01 | 5.60,  3.74 | 16.57 / 16.52 |  1.36 /  1.31 | 
149 variants
